0001010000011101000010110001110000010000010011110001110000000100000011010000011000000000010110010001010000010101000101100100101100010010000101100001000100011110000111010101000000000011000011100001111100000000000010110100001100010110000110000000100101010100010011110000011000000100000010110000000000011010010110010001010000000110000011100001110000010110010110010000001000000110000011010001010100011010000110110000001000001010000101110100001100000110000101100101000000000000000001110000111001000101000111000001000001111000
0001000000010111000101110000010000011101000011100000011101000101000010110000110000011110000111000101000000011011000010010100101100010010000110000001011100010111000010110101000000011101000000010100101100001010000011000001000101010010000101010001100100000010000010100001100001000101000011010000101100010111010110010001010000011101000010010000110100001100000110100001011000011110000011010001100100010001000111000100101100010101000111000000110000000010000101010001010101010100000010010000101000000110000111000100001101111000
0000101000011100010110010001011100010001000110110001111100001100000101110000010001010010000100000000010001010100000011100000010100000001010110010001000000011101000101010000010100000000000001100000010000001011000010100100001100000110000101100101000000000000000001110000111000010110000111000100001100000010000010110001111100010110000000110000111000001000000010100100001101010010000111010001111101010100000110110000001100000000010110010001001100000000000111000000000000010101000111010000101000010001000100000000110001111000
0000110101010010000011010001000100000111000001000100101100000011000100000001000100000001000011010101000000000000000001110000111000001011010110010001000100010111000110000001010001010100000110110000001100000000010110010000001000000000000011010001100100010111000000110000111001000101000110000000110100010110010110010001010000011011010011110001111100001101000111000100001100010111000000010001010100000110000011000000001000010110000111000001000001010010010110010000000000000110000010100001101100000100000010110000001001111000
0001011100011011000101100001111001010100000110000000101000010001000111000001000101010010000100000000001101010100000110010000001000010001000110000000111101010010000110110001010100000000000110000000111000000000000101110100001101010010000110000001111000010000010011110100101100010101000111000001000101010010000110100001010100011010000110110100101100001010000111110100001100000110000100010001010101010100000011100000111100010000000101010001011101010010000110110001111100010000000101100100101100001100000010100100001101111000
0000111000010011000111010001010101010100000000000000110101000101000100000001011101010010000110000001111000010000010011110000111000010011000111000001000100001011010110010001110000011101000110010000001000001011000111100100001100010001000111000001110000011000010011110000010100000000000111000000011100000001010110010001100100000000010011110001111100001010010110010000100000010111000111000000000001010100000010010001111000001011000110100001011100011011000101100001111000011101000000010000110001000101000100000000110101111000
0100001100011100000101100000001000011001000011100000011101000101000110100000110000011100000111010001100100000000000001100000010000001011000010100100001100000110000100010001010101010100000001110001111000001000000110000000110101010010000110110001111100010000000101100100101100000110000110000000110101010010000101100001111000011000000101100100101100010110000011000001000100000100000100000000011000010001010011110001111100001101000010110000011000010111010110010001111100000110010011110000110100001010000011000001000101111000
0100001100010110000110000000100100000111010011110001110000001100000011010000101100011101000011000000010001010100000110000000101000010001000111000001000101010010000011100001010101010100000000010000111000000000000111010100001100000101000110000000010000010001000111010100101100010001000101100100001100000001000011010001000100001101010011110000101000001001000100000001010100010111010110010000100100010001000110110100101100010001000100010000011000000000000111000101000000010101000111010000111001000101000110110000101001111000
0000111100011110000100000001111100011010000111000100101100001010000111110100001100000010000111000001111100000100000000110000111001000101000110000000111100011110010110010001111100000010000010100001100101000101000011010000101100010111010110010000011100011011000111010000011100000001010110010001010000011010000101100101000000010000000000000100101100001011000101100001011101010010000100010001000100000010000010100100101100000100000110100000000000010111000010100000001101010100000110110000010001000101000010100000001001111000
0000010100010111010110010001010000000110000001100000010100001110000100000000110100010101010110010000011100010101000110110000111000010111010110010100001101010010000011100001111100000110000000110000111101000101000011100000001000000110000111000000001001010100000010110000101000011100010110010001011100011010000111000101000000010010000001100001100100010110000011010100001100000101000101100000001000011000000010110100101100010010000110000001011100010111000010110101000000010000000011100001001001000101000011100000001001111000
0001000001010010000110100001010100011000000010100000100100010111000110000001011100010111000111010101000000011101000000010100101101000101000100000001011101010010000011100001000100000111010011110000110100001100000010110001000000000110010110010000000000000110000000000001101100001010000010100000011000010110010110010001000100000000010011110001111100001101000111000100001100000111000101110001100100000000000010100000111101000101000101110000001000000110000100000001111100011010000111000100101100010000000101110100001101111000
0000000000011101000101110001011000010001000111010000111000001011000110100000011001010010000101100001111001010100000010100000010100010011000100000001000100011101000101110001110100010001000000010001111101000101000110000000110100010110010110010001010000010001000110010000111000001001000101100001001100011111000111000001111000000000010011110000001000001011010110010001000100011011000101100101000000010000000010100100101100001111000110000000110100010111000100000000001000011011010011110000001000001011010110010100001101111000
0000001000011100000111010101000000011100000011100001100001000101000110110000011000010111000101110101000000010111000010100000011100000000000110110001000100010011000011010001010100010000010011110000101000001011000101110001011000010011000101010001110000001101010011110000010000001011010110010100001100011111000110000000001000010111000001110100101100010110000100000000110100010001000111000101000000000000000001110000111000001011010110010000011000000100000111000000001000001101010011110001001000000000000110000001000101111000
0100001100000110000100010001010101010100000110100000010101000101000010110000011000011110000111000001000100000111000010100001100001000101000100000001011100000001010110010000011100011011000111010000011100000001010110010001010000010011000011010001010100000110010011110000111100000000000011110000011000011110000101100000000000011001000010100000010100010001010110010001000100010111000010010001111100000110000110110100101100001010000101110100001100011101000010110101000000010101000111010000010000010000000101110000011101111000
0100001100000110000100010001100100000111010011110000111100000100000011010000011001010010000111000001000100010111000001110100101100011100000111000000001000000000010110010001100000010101000111000100101100000100010110010000011100011011000111110001011000010001000111010000111000001011000011010100001100000110000100010001010100011001000010100100101100001001000101100000110000011001000100000001111000010011010011110000101000010001010110010001011100011010000100000001111000010011000111000100101100001001000100000000100001111000
0000011001010010000011010001100000010001010011110001100100001010000101010000011001010010000101100001011001010100000011000000011100000000000110000000110101010010000011100001000100000000000010100001100101000101000100000000110101010010000011010001100000010001010011110001110000001010000010110000111100010110010110010001111100010010010011110001110000001010000010110000100001010010000011100001000100001101000111000100101100010001000101100100001100000001000011010001111100000100010011110001110000000100000010100001011101111000
0000101000011100000111100101000000000011000011100001111100000000000010110100001100010100000100000001111000010000000001100000010100000010010110010001010000010011000000000000001101010100000110110000010001000101000010100001011000000010000010010001110000001101010011110001110000000100000011010000011000000000010110010000010000011011010011110001111000001011000111010000011000000000000010010000001000011101000110010000001000001001000111000000010000010111000111010101000000010011000111010000010000010000000010010001000001111000
0100001100010011000101110001010001010100000111000000010001000101000101100000110101010010010110010101000000000111000011100000110100000000010110010001010000010011000011010001010100000110010011110000001000010110010110010000001001010010000100010000010100011001000011100000010101000101000010110000101000010101000100010000010001010100000011000000011100000000000110000000110101010010000111010000001000011101000000010000000000001100000101110000010001010010000011100001000100000000000010100001100101000101000100000001000001111000
0100001100010100000011000001111000010000000011100000011000000000000101110001011100010011000101010101000000010110000110100001111101000101000100000001011101010010000100000000001101010100000011100000011100010110000101100100001100000100000100000000010000010101000000110100101100000011000101100001000101010010000010100001000100011010000001100001111100000100000011010000101000011101000101110101000000010101000000010000111101000101000100010001101000010101000100000001010100011010000010100100101100001100000011010100001101111000
0000101000000001010110010001010100000111000110110000001000001000000110000001011100010111000111010101000000000000000001110000101000010001010110010000111000011101000010110001010101010100000110110000001100000100000101110100001101010010000110100001100000011101000000110000111100010111000111000000110101010010000011000001111000010000000010100001100101000101000011010000101100010111010110010001000100010011000010100100101100001010000111110100001100000001000111000000011000010001000000010100101100000001000100000000011001111000
0100001100010111000011110001010100000110000101100100101100000001000110000001101001010010000111110000001000011011000000100100101100001100000101010000111100011100000111000000001100000111000010100001100001000101000101010000101000011100000100100001010100010000010011110001111100001010010110010001011000011100000010100001000100010010000010100100101100010010000110000001011100010111000010110101000000010101000000010000111101000101000010010000110000011101000010110101000000000111000011100000010100001100000011010000001001111000
0001011100011011000101100001111001010100000110110000001100000000010110010001000100011011000111100001100000000000010011110001111100001010010110010001010000010011000011010001010100000110010011110000101000001011000111010100001100000001000110000001111000011101000110110000101000010001000100000000110000011100010110010000011100010101000111000100101100010111000111000000000000011101000111100001111000011101000111000000111000000001010110010000001000000001010110010001000101010100000001110001111000001000000110000000110101111000
0100001100000000000100000001011100011100000110110100101100000111000000000100001100000110000100010001010101010100000110100000010101000101000111100000011000011100000111000000001000010101000000110100101100000100000010100001000000010111000101000001001000011000000101100100101100001100000101110100001101010010000100010001111100000011000010100001110100000000000010110100001100000110000100010001010100000110000010100100101100000100000010110000011001010010000010100000010000011101000000110000011101000101000110000001011101111000
0100001100011110000111000001000100000111000110110100101101000101000110110000101000011110000101010001100100011011000000010100101100010101000111000000110000000010000101010001010101010100000011100001100100001010000011000000110100010110010110010000010000011100000010100100101100010010000101100001000100011110000111010101000000000011000001110000010001000101000101010000101000000100000111000101000000000011000001100001111100001101000101100001011000000110010110010000001100010101000010010000111001000101000011100000001001111000
0001011100010111000010110101000000011101000000010100101100010001000100010000011000011011000010110101000000011100000000000000011000000000000010100100001100000110000100010001010100000111000010100100101100001100000101110000000000011110000011000001010000010001010011110001100100010000000010110000001000011110010110010001001100011011000000100000011000010000000101110000101000000110000100000001010100000111010011110001101100000000000101100001001100011110000111000101000000000011000001110000010001000101000100010000001001111000
0001010100010111010110010001001000010001000010100000010101000101000111010000101000000001000010010001110000010101000011000000111000000001010110010000011100000111000111000101000000000000000000000100101100010010000110000001000101010010000110000001111000010000010011110000011100001010000110100000001000011110010110010001001100011011000000010000110100001001000100000000000000000110000010100101000000010101000000010000111101000101000110000001000100010111000110000000001101010100000110000000001100000000000010110000011001111000
0100001100010001000101010001100100011001000011100001111100000000010110010000000000011010000110000001111000010011000010100100101100001100000010100100001100011111000110000001101100011101000000010000110001000101000011100000001000000110000111000000001001010100000000100000010000010111000111000100001100010011000101110001010001010100000000100000010000010111000111000100001100000001000110100001000100000110000011000000111001000101010110010001011100011010000111000101000000000100000111010000010000000111000101010000011001111000
0000111000000001010110010001011000010101000011000000001000001011000111100100001100010001000101100001110100011001000110100000010100001100000011010000101000010111000010100101000000000011000001100001111100001101000101100001011000000110010110010000011100010101000110110000111000010111010110010000001000000010000110000000001000000000010011110000110100010111000101100000111001010010000011010001100000010001010011110000010000000111000011110000101000011101000011000000001101010100000001110000111000000100000101010001011101111000
0000101101010010000100000000001100000111000110100000111000010110010110010000001001010010000101010001000100010111000001000100101100001010000111110100001100010011000110100001001100010001000111000001100000001100000110110000111100010111010110010001001100011000000010100000101000001011010110010001010000010011000011010001010100000110010011110000011000000000000110000000110100000001010110010000010000011100000011100001111101000101000010010000011000011101000010010001110000010001010011110100101100001010000111110001011101111000
0000011000011100010110010000011100011011000000100000111000001011010110010000001000011100000111010101000000010111000001110000001000001001000111010001000100010111000101110101000001010100000111000001101100000000000101110000011101010010000100010001111100000001000111010001100001000101000111000001010100010111000010110000100101010100000010110000101000011100010110010001010000010011000101010001101100011101000000010000110001000101000011010000110001010010000110000001111000010000010011110000110100010111000101100000111001111000
0100001100010110000100000000001100000000000011100000010100010001010110010001010000010011000011010001010100000110010011110001100000010000000010010001001100011110000100000001010100000111010011110001111100001101000100000001000001010010000101000001010100010101000000010001100001000101000011010000101100010111000000000101000000010000000000000000010100010001010110010000101100010011000011110001010101010100000110110000001000001000000111000100001100000110000101100101000000010000000010100000111100001100000110100000001001111000
0001011100010111010110010000010000011011010011110001110000001010000010110000100001010010000010100000010000000001000010110000001000000000000010100100001100010011000101110001010001010100000000000001111100001101000111000001000101010010000111010001111100011001000010100001100000010001000100000000000001010010000111010000010100000000000001100000111000010110010110010001011100011010000111000101000000000111000010100000101000010111000110100000101101010010000111110001111100000110010011110001110000000100000011010000011001111000
0001000101010010000110110001010100010111000000000000011000000000000010100100001100000110000100010001010100011101000111010100101100001000000110000000101000011100010110010001111100010111000011000001111000010101000110000001011100011011000101100001111001010100000011100000010100000001010110010001001100010111000101100000000000011000000010100100101100010010000100010000110001010010000110000000001000010001010011110000010100001010000011010100001100010011000110110001110000010001010011110001111100001010010110010001010001111000
0000001000011110000100100101000000000000000000000100101100000010000111000001011101010010000011010001100000010001000001100001100101000101000101100001010000011100010110010000011100010101000110110000111000010111010110010000001000000000000111000101000000000100000011100001100100010001000100000000000000000111000101010001000100000110000000110001001001000101000011110001011000011110000101110001010100000110000011100000100100001001000111000100001101010010010110010101000000010010000000000001100101000101000101000000001001111000
0000110100001011010110010000000000010001000000000001101100001001000111000100001100010011000110100001001100010001000111000001100001000101000011010000110001010010000011100001000100000000000010100001100101000101000100010000001000000001010110010001001000010001000011000000010000001000000111000100001100011011000101110001001100000110000010100000101000010110000100000000110100010101000101010000100101010100000010110000001000000011000111110000101000010001000011000001110000000000010011110000111100010000000111000100001101111000
0001011100011101010110010001100100011010000011000001100100000000000110000001000000010111000111010101000000010000000010100000011000000100000101110000011101010010000111110001111100000110010011110000101001000101000111110000101000011100000100000000010000010001010011110001100100000000000010100000110000000111000010110001001100010001010011110000101000000110000110100000110000000000000111010001100100011010000010000100101100010001000101100100001100010100000100000001011100000001000111010000111000010110010110010001000101111000
0000011000011110000111000001000100000111000010100000111101000101000110110001101001010010000011010001100000010001010011110001111000001011010110010000001000000000000101100000010100011010000010110100101101000101000110110000101000011110000101010001100100011011000000010100101100010101000111000000110000000010000101010001010101010100010011110000010100000000000110000001000100011110000000000101000000000000000110000000010000010001000100010000101000000000000111010000001101010100000000000000110101000101000011010000101101111000
0000011001010010000011100001111100000110000000110000111100010110010110010001001100011101000010010000010100011000000011100001111100001100000101100000110101010010010110010001010100001100000111110000111000010111000100000000011000011100000110100001010101010100000111000000111000010011000111000001000100010111010110010000011100010101000110110000111000010111010110010001000000010001000110000000001000010111000001100001111100011100010110010000011100000111000010110001100100011010000010000100101100000100000011010100001101111000
0000111100010111000110000000001100000000010011110000010000001011000111000100001100011111000101100001111000000000000001110100101100001010000111110100001100000110000100010001010101010100000101100000111000000100000010110100001100011011000011010101000000011101000111000100101100000111000111000000111100011011000111000000011000010001000010110100101100010001000100010000001000000110010110010001001000001101010011110100101100000100000010100100001100011111000110000001111000001101010011110000101000010110010110010100001101111000
0000111000011011000101010001110000011101000000000000010101000101000010010000011000011101000010010001110000010001010011110001110000001010000010110000111100010110000011100001100100010000000010100100101100000110000101100001011000011110000111010101000000010110000010100100101100000001000100000001000000000010000101010001000100010111000010100000111101000101000110110001101001010010000100000001111000000000000010100000010100010110000111000100001100000101000110000000010000010001000111010100101100010110000110100000001001111000
0001000100010001000100000000010000001101010011110100101100010010000100010000001000000110010110010001000100000110000010100100101100010001000100010000011001010010000010100001111100011000000110100001111100001100000101100000110100000001010110010000010000011100000010100001100100000000010110010000001000000000000111000101000000011001000011100000010100011100010110010000000000011010000110000000001000011101000110110000001000000000000010100100001100000101000101100000001000011111000001100000010100000010010110010000110001111000
0000110101010010000110100000001000010001000011100001111100001100000101110000010001010010000010100000010100000111000110110000101000001100000101110000001000010000000101010001010101010100000111000001111000010101000010010000111100011011000111000000001101010100000000000000110101000101000110100000111100010111000110000001111001010100000110000000101000010001000111000001000101010010000110000000010001010100000011100100101100000010000010110000001000000001000010100000001000011011000000000001111100010110010110010000111101111000
0000011000000100000111000001110001010100000010010000010000010111010110010000011100011011000111110001011000010001000111010000111000001011000011010100001100010001000101100001110100011001000110100000010100001100000011010000101000010111000010100101000000010101000111010000010000010000000101110000011101010010000011010001100000010001010011110001110000001010000010110000111100010110010110010001000100011010000010110100101100010001000100010000101000000001010110010001100100011001000111110000010000010111000011010000001001111000
0000110100000110010110010000011100011011000111010000000001000101000101110000011000010111000111010000001101010100000110110000010001000101000110100000110000011100000011010001100100011010000110100000111001000101000110000000110100010110010110010000010000011011010011110000111000011101000010010000001000011100000111010101000000010110000110100001111101000101000011010000101100010111010110010001011000000001000000010000111100000100000101000000011000011100000011010001000100011000010011110001101100010111000101100000000101111000
0000111100010111000101000101000000011011000010010100101100001100000101110000000000000000000111000001000100000111000001100000010100000010010110010000011100010111000101000001000100011010000010110100101100000011000101100001000101010010000110000101000000011000000001100000011000001100000011010000011000010110010110010000001000010001000111000000010000010000000010110000000000010111010110010001001100010101000000010100101100001010000101110000111100001011010110010001001000010001010011110000101000000001000111010001000101111000
0000011000000001000010100001010100010000010011110000100100011100010110010000111000011101000010110001010101010100000010100000110100000011000100000000000000011011000111000001111000000000010011110001111000010110000111000100001100011101000111110101000000000011000011100001111100000000000010110100001100010111000010100000000000010001000011000000001000000100000101010000111100001011010110010001100100011010010011110000001000001011000111010001011000000001000011010000001000001101010011110000101000001011000111010100001101111000
0000001000010101000010110001100100010111000110100000011100010001000011000001000100010111010110010000011100010101000111000001111100000000000011100000001000000110000111000000001001010100000111010000111000000110000000000000000000011110000100000001111000010011010011110000100000000100000010010001011100000111000010110001100100011010000010000100101100010111000110000000101000011100000011100001000100000000000010100001100101000101000101000000110000000000000111000101000000010001000010010000110100001100000110100000101001111000
0000011000011100000011010101000000011101000111010001100100001100000111100000001000000110000100000001111100011010010011110001111100000000000110100000101100011100000100000000000100000001000010100001100001000101000110000000110100010110010110010000001000010001000010010000010000010111000111000001000000000110000110000000010000011101000000000000010101000101000110000001000100010111010110010001000100011000000000110100101100000000000000010000001000011111000010010001110000010001000111000100101100001010000111110100001101111000
0000101100011101000011100101000000000011000011100001111100000000000010110100001100010001000110000001111001010100000011010000111001000101000011000001000000010111000111010101000000011001000000000001100100000000010110010000011000010100000111110001100100010111000001100000111000001011000011010000111100001011010110010101000000000011000001110000101000010001010110010001010000010111010110010001001100010101000000010100101100000001000101100100001100000110000101100101000000011100000010100000011100010101010110010000001001111000
0001000001010010000100000001111000010000000001100001110100001100000111010001011000010011000101010000001101010100000110000000001100000100000011010100001100000101000111000101000000010111000011100000010101000101000111010000110001010010000011010001111101010100000001110000111000001001000010010100001100011011000010100101000000000111000110100001101100010101000101100001000100000110010110010001001100011100000011100001100100001100000011010000101000010111000010100101000000000110000011100000001000010110000111000100001101111000
0000001000000101000110000000001000010001000000010000111000010110000010100100001100000110000110000001101100010001010011110001101100000100000010110001011101010010000100000001111001010100000110110000001100000000010110010001010000011101000010110001110000010000010011110001110000000100000011010000011000000000010110010001010000010101000101100100101100000000000011110000011000011100000011010000001101010100000110110000001100000100000011010100001100010011000010110001010101010100000001110000101000010101000010010000011001111000
0000110100011011000101110001011101010100000011100000011100001001010110010000001000000000000101100000010100011010000010110100101100010001000100010000011001010010000011100001111100000110000000110000111101000101000110000000110100010110010110010001111100010010010011110000100000001010000011000001000100000001000111000101000000010110000010100100101100000110000110000001000100010111000111110000010100011000010011110001110000001100000011010000101101010010000100010001111100000011010011110001110000000000010110010001011001111000
0001000000010111010110010000011100010101000110110000111000010111010110010000101000011100010110010001111100000001000111010100101100001010000011100000110101010010000101010001100100000010000010100001100001000101000011110000101000000001000100000000010001010100000110110000001100000000010110010001011000011100010110010000011100011011000111010000011100000001010110010001010000010011000011010001010100000110010011110000111100000100000000000100001100000101000111000001001000000111000001100001111100000000010110010001011101111000
0000110001010010000111110001100100011010000010110100101100001010000011000001011101010010000110000001001000011011000110100001111101000101000110000000110101010010000111000000011000010001000000010001111101000101000101110000011000010011000010110101000000001101000000000001111001000101000111110000110000011110000101010001111100000011010011110001110000001010000010110000111100010110000011100001000100000000000010100001100100000001000110000001101001010010000101100001111001010100000111000000010000000110000100000000001001111000
0000111101010010000101000001010100010000000001100000101001000101000110000000110100010110010110010001100000010001000000110001101101000101000010100001001100000000000111000001000100010000010011110001111100001101000111000100001100000101000101100000001000010000010011110000101000000111000101100001011000000110010110010000010000011100000001100001100001000101000100000000110100010001000010110001010100010000000001100000100100001001000000000100001100011011000101000000000000011011000111010001111100000100000101110001011101111000
010000110001101100001010000000110000000100001010010010110100010100001010000011000000011100001011000100110001000100011100
